# Frame list with one line of data per frame:
#   FRAME_ID, RIG_ID, RIG_FROM_WORLD[QW, QX, QY, QZ, TX, TY, TZ], NUM_DATA_IDS, DATA_IDS[] as (SENSOR_TYPE, SENSOR_ID, DATA_ID)
# Number of frames: 210
1 1 0.78425520191994835 -0.14865638835920161 0.32882451719448508 0.50469742752793301 0.74586994968341147 -3.8021696587612572 3.1615327992837625 1 CAMERA 1 1
2 1 0.78374387231833487 -0.1487697178622289 0.32904719662537474 0.50531282988227821 0.73322895855808912 -3.7924155604387373 3.1593078136373824 1 CAMERA 1 2
3 1 0.78283212691884896 -0.14904378861501011 0.32924414710371486 0.50651564806720717 0.73024267294418832 -3.780915001647597 3.1565595241017981 1 CAMERA 1 3
4 1 0.7816514258542977 -0.14917236681650736 0.32991262347054051 0.50786446451104472 0.72551037157674458 -3.7784308367592061 3.1483639704718986 1 CAMERA 1 4
5 1 0.78014347618143354 -0.1490715106345869 0.3308913165596567 0.50957313303792673 0.70631594526940689 -3.781914949321628 3.1412872859708107 1 CAMERA 1 5
6 1 0.77854233292121844 -0.14905072535786446 0.33157738343488585 0.51157810343519972 0.68383105007283518 -3.7804983065585689 3.1377479005923785 1 CAMERA 1 6
7 1 0.7766807592120758 -0.14891866772512899 0.33254445317013326 0.51381359979909358 0.64960261950857756 -3.7691235588903864 3.1301676008379991 1 CAMERA 1 7
8 1 0.77434961607371944 -0.14860973398161303 0.33418421558600825 0.51635136206420718 0.60874987490847909 -3.757398659248683 3.1062100607529475 1 CAMERA 1 8
9 1 0.77135145633602042 -0.1480799814743084 0.33606583453729794 0.51975860238347016 0.57058722876831847 -3.7468651865058074 3.0754452484653982 1 CAMERA 1 9
10 1 0.7676552811926719 -0.14739530973440934 0.3379882726541007 0.5241602040155231 0.59132919592231314 -3.7252103039983955 3.0587711626350829 1 CAMERA 1 10
11 1 0.76410783158115969 -0.14722192077018817 0.33926359716793797 0.52855003490468699 0.65518434769889 -3.7097662757037861 3.0449331160585373 1 CAMERA 1 11
12 1 0.76051446932333266 -0.1469727340543088 0.34052935975032905 0.53296952308971857 0.73459613515870792 -3.6828813236005402 3.0237330238440032 1 CAMERA 1 12
13 1 0.75687436507250683 -0.14699986720729222 0.34097036723586738 0.53783960732189107 0.82879300033150927 -3.6548664568508231 3.0098754691924445 1 CAMERA 1 13
14 1 0.75167841298220639 -0.14737751819587505 0.34190391360912059 0.54439061752177853 0.90763260064876627 -3.6163256247390385 2.969040888365535 1 CAMERA 1 14
15 1 0.7401421043414057 -0.14850642203278469 0.34520800691174042 0.55764409793354752 0.97979322118022616 -3.5288448759279265 2.9098794983331304 1 CAMERA 1 15
16 1 0.69003741498860449 -0.14544681889037991 0.3644699052318382 0.60815727979759371 0.94820956283988578 -3.3434523736663833 2.7240078034143518 1 CAMERA 1 16
17 1 0.67628935953291613 -0.14499151601417265 0.36911803424007072 0.62077535330038369 0.93251746106626587 -3.3412850485724528 2.7081836285309935 1 CAMERA 1 17
18 1 0.66462334755725072 -0.14416187894956387 0.37398805704810223 0.6305759999594901 0.96182840750078169 -3.335920684806903 2.7025975782966922 1 CAMERA 1 18
19 1 0.65505067311328913 -0.1437610837015551 0.37830890174326487 0.63806249014386196 1.0274566255110815 -3.3382487004903219 2.7091147460929887 1 CAMERA 1 19
20 1 0.64638479320721887 -0.14390267280775934 0.38223277227943897 0.64449734496335864 1.1071887374841982 -3.345977671721144 2.7188265806869603 1 CAMERA 1 20
21 1 0.63776002178888702 -0.14467413736560342 0.38636008024767526 0.65042865633085922 1.2049527280191674 -3.3604801941704321 2.7494219088310614 1 CAMERA 1 21
22 1 0.62863236874390016 -0.14584996136128134 0.39047986294838116 0.65656272386586145 1.2697818716687792 -3.3838189342643852 2.783607065248229 1 CAMERA 1 22
23 1 0.61798901080014224 -0.14739852632013226 0.39582776408523479 0.66308644847274523 1.2745091643816095 -3.3876164623545195 2.8106665988427761 1 CAMERA 1 23
24 1 0.60613937269540874 -0.14835512604311582 0.40230075264948356 0.66988052805168685 1.1637117416134655 -3.3829880739722404 2.8441226745073656 1 CAMERA 1 24
25 1 0.58418211358020844 -0.14938274778301031 0.41358120547369831 0.6821778648685991 0.97987234147085245 -3.3909722551425183 2.9817924695222175 1 CAMERA 1 25
26 1 0.5742381591398884 -0.15125952241990298 0.4168876095526175 0.68816844919426479 1.0215809474757571 -3.3734644024768445 3.0045418137455311 1 CAMERA 1 26
27 1 0.56509105455892128 -0.1531305583756056 0.42005058503943088 0.69338347121711352 1.1075265719671727 -3.3360312209593257 2.993555083661692 1 CAMERA 1 27
28 1 0.55759361586485712 -0.1547565455100271 0.42247554951782834 0.69760603583123215 1.1724337132298981 -3.2904876023903675 2.9743562707525917 1 CAMERA 1 28
29 1 0.54972671497383652 -0.15648365082737825 0.42491881710931201 0.70196681170425179 1.2148553858280471 -3.2492457423433154 2.9374798299507323 1 CAMERA 1 29
30 1 0.53871942657332472 -0.15831856376226558 0.42841410213227521 0.70793924096278071 1.2204554972020265 -3.1892414509500604 2.9315647704656747 1 CAMERA 1 30
31 1 0.52246415087673936 -0.15892232502605019 0.43562350359760288 0.71554669223630085 1.1687058053943438 -3.1299707653304338 2.928471951181423 1 CAMERA 1 31
32 1 0.50618166006266918 -0.15801905397403551 0.44152027287954221 0.72378861156675156 0.99766737000829575 -3.1129093047841008 2.9209865132986672 1 CAMERA 1 32
33 1 0.49259262302790741 -0.15816168701904371 0.44484051286005977 0.73106381842912671 0.85953003982152132 -3.126424198986093 2.9382034880844703 1 CAMERA 1 33
34 1 0.47970410501077104 -0.15787513600721309 0.44788705488899783 0.73780525826899535 0.79504246804596779 -3.1480372087313113 2.9466661136426935 1 CAMERA 1 34
35 1 0.46676166408350872 -0.15724523046155453 0.45110212081287787 0.74425423279764424 0.81982624266186876 -3.1236685178722619 2.9098957288820748 1 CAMERA 1 35
36 1 0.45562910566622833 -0.15599551901473641 0.45348575108489103 0.74994545780349142 0.8736359940749201 -3.0686791583081292 2.8265775693901047 1 CAMERA 1 36
37 1 0.44526160420372507 -0.15462009493380049 0.45497903899679282 0.75553213309437928 0.95607408437203978 -3.0082452923524787 2.7814211695269058 1 CAMERA 1 37
38 1 0.43285133771325157 -0.15305155335544218 0.45608913296292547 0.76236319707109546 1.0280116154599295 -2.9804866726653203 2.7164475232097129 1 CAMERA 1 38
39 1 0.41683081695255297 -0.15034142503604986 0.45759332163233207 0.7708812346621795 1.0513797885682135 -2.9501487892799405 2.6399607316960285 1 CAMERA 1 39
40 1 0.39793156877089308 -0.14550436550298682 0.46043384630065398 0.78005103639178319 0.9722079783252553 -2.9432094655241925 2.5569345870467131 1 CAMERA 1 40
41 1 0.38218936880738985 -0.14439361354062177 0.4610743346148321 0.78771329092429321 0.88560970961614471 -2.9721887589413289 2.5032022680205848 1 CAMERA 1 41
42 1 0.368222460881167 -0.1444952317501321 0.46148802246131893 0.79407943710238105 0.85414804077601159 -2.9691752253410701 2.5075899359761924 1 CAMERA 1 42
43 1 0.35585364818128912 -0.1444432905868816 0.46197548090917123 0.7994266519945662 0.88889826124779714 -2.9391542515006206 2.4666075869459063 1 CAMERA 1 43
44 1 0.34453659665783709 -0.14486018231011796 0.46223379449961571 0.80414549701344562 0.9606571974979895 -2.8901671468098735 2.4187054952088203 1 CAMERA 1 44
45 1 0.33291062691716949 -0.1455918045376208 0.46242295890202306 0.80878832089576702 1.0509333631457161 -2.8490016017848259 2.3816180060771557 1 CAMERA 1 45
46 1 0.3212055029844752 -0.14581904178632657 0.46267181151141923 0.81332565847743277 1.1141940112932716 -2.8256580310383286 2.3158432892787526 1 CAMERA 1 46
47 1 0.30954175053770833 -0.1456560505319916 0.46315883469689051 0.81758920825784598 1.1065923146991687 -2.7845275567470069 2.2808510257820278 1 CAMERA 1 47
48 1 0.29650792086818073 -0.14445094564962621 0.46420377793141815 0.82202909298732008 0.9952896693506238 -2.755710735955951 2.2226608851991974 1 CAMERA 1 48
49 1 0.28256299603864787 -0.14154379039538245 0.46602742473694225 0.82640301794174542 0.84108969335520467 -2.7436099686670588 2.1884156309166118 1 CAMERA 1 49
50 1 0.2717220894651044 -0.14099317401795061 0.46696793394208352 0.82959567238922094 0.70118010072425296 -2.7455747337286858 2.1515096749946943 1 CAMERA 1 50
51 1 0.26338192202795863 -0.14044535693879659 0.46786441593116607 0.83187015403161413 0.65005556901183226 -2.7174794701129401 2.1383202362503306 1 CAMERA 1 51
52 1 0.25784402527408862 -0.13996403720387235 0.46856722660074074 0.83328943415582701 0.6554423169398812 -2.6730815404504771 2.0962623888705401 1 CAMERA 1 52
53 1 0.25399353413183434 -0.13981328423737643 0.46895739553859989 0.83427722690939643 0.70874808436397918 -2.6180640170525638 2.082429440423768 1 CAMERA 1 53
54 1 0.25020403251540452 -0.14017619397926784 0.46895535362403007 0.83536186952833669 0.76427945748644455 -2.5797151782186627 2.065484114754224 1 CAMERA 1 54
55 1 0.24619199635963002 -0.14045382992721153 0.46873096078429016 0.83663224237981293 0.81288010076673911 -2.5657601920377178 2.0493551042942264 1 CAMERA 1 55
56 1 0.24080132779678468 -0.14096697271088354 0.46821273389915485 0.83840316611443788 0.86022646950653281 -2.550787123580744 2.0312458238148996 1 CAMERA 1 56
57 1 0.23327946395035115 -0.14155994768818783 0.46743988249936647 0.84085755580748212 0.86536283064655162 -2.5134170107473359 2.0073869737597563 1 CAMERA 1 57
58 1 0.22374139988025185 -0.14200728405536764 0.46666679833775426 0.84379844547381877 0.82977930860705373 -2.4650187410705371 1.9447069800575347 1 CAMERA 1 58
59 1 0.21074762587916421 -0.14169916323652137 0.4658401784127546 0.84764362411377736 0.72019329124359144 -2.4040777520810748 1.8621951774317147 1 CAMERA 1 59
60 1 0.19468594357811014 -0.13780503053085147 0.4655222687796754 0.85228878568459154 0.58575416748484799 -2.3659731004841777 1.7694725615686273 1 CAMERA 1 60
61 1 0.18136907180408515 -0.13686758473789615 0.46461497572770555 0.85586532139728799 0.44261647003495125 -2.349537134727393 1.7154602628450843 1 CAMERA 1 61
62 1 0.16881572767413261 -0.1356817165456386 0.46367231034362572 0.85912729586813075 0.38394927007576707 -2.3421294824203724 1.7055005370752951 1 CAMERA 1 62
63 1 0.15819506939426789 -0.13402913259383686 0.46285344099695358 0.86184523192552742 0.40085830048400745 -2.3324211595555706 1.6934917557503146 1 CAMERA 1 63
64 1 0.15039050466417597 -0.13336930448531503 0.462244094300793 0.86366991496288514 0.4341069768967365 -2.312786055349644 1.680115418226902 1 CAMERA 1 64
65 1 0.1425714207097272 -0.13385963737245496 0.46117556823928674 0.8654895046957507 0.47945564053062034 -2.3116364875099951 1.669945315141306 1 CAMERA 1 65
66 1 0.13127449195347021 -0.13496339074595168 0.45993536882458341 0.86776226434715875 0.49629131197839543 -2.3211247848762611 1.6426107214451602 1 CAMERA 1 66
67 1 0.11381519868081214 -0.13365539777582794 0.45855118385538068 0.87115621273079447 0.48177214966357934 -2.3115734386795102 1.596942485543539 1 CAMERA 1 67
68 1 0.093606148279481924 -0.13178508909152797 0.45707614498422272 0.87461533086482057 0.38499575623034898 -2.3098414481521994 1.5588675009736872 1 CAMERA 1 68
69 1 0.073733928152117656 -0.12842976950679616 0.45591943250579348 0.87761413685473699 0.28475537565482384 -2.3309764488034119 1.5359444784806666 1 CAMERA 1 69
70 1 0.05670727662589739 -0.12574225533933478 0.45538892544082649 0.87954198113887705 0.23190679221380339 -2.3487936935430285 1.5260170933331614 1 CAMERA 1 70
71 1 0.044734310890314856 -0.12308812321273237 0.4554524384452735 0.88057437599977328 0.23597273097993707 -2.344474201160176 1.519739733604144 1 CAMERA 1 71
72 1 0.03885947490690745 -0.1206903702982062 0.45613257806932367 0.88083304147328256 0.26272542826759743 -2.3090000912049247 1.5155661686935582 1 CAMERA 1 72
73 1 0.032865856730904697 -0.11943181462687735 0.45625621922163595 0.88118450936103798 0.2563637938105191 -2.2855711774343002 1.5148226232233921 1 CAMERA 1 73
74 1 0.021448615216834842 -0.12010927629302706 0.45524278101140636 0.88196809975794843 0.25773070116176344 -2.2734233160908444 1.4888299720502447 1 CAMERA 1 74
75 1 0.0011301360104713572 -0.12034031668013359 0.45326427322915458 0.88321482640859783 0.2577688740253567 -2.2621844569353295 1.4412730660488839 1 CAMERA 1 75
76 1 -0.027126018332494475 -0.11709950508575986 0.45038984556751471 0.88470383295641131 0.18743047064016344 -2.2626672084931929 1.4061358906718253 1 CAMERA 1 76
77 1 -0.054491932210601522 -0.11445729658438057 0.44732692878722036 0.88534105031018617 0.1055013421107858 -2.2961573093043928 1.3874934634817837 1 CAMERA 1 77
78 1 -0.0770149938681471 -0.11269579097328053 0.44459508807297493 0.88527032994322108 0.046278134818674703 -2.340375055446918 1.3900375477169487 1 CAMERA 1 78
79 1 -0.093592735767031462 -0.1102724508256902 0.44282271810592322 0.88486633269088755 0.032847276843725549 -2.3667653743601873 1.3870319444047128 1 CAMERA 1 79
80 1 -0.10699309964689058 -0.1086329606302322 0.44146822565810845 0.88422687259941524 0.043859202436818678 -2.3726726649187597 1.3645742935630196 1 CAMERA 1 80
81 1 -0.12269620277734176 -0.10824875916912297 0.43984240306756339 0.88304388816531509 0.069428349240921686 -2.3968078209333923 1.3674680553941503 1 CAMERA 1 81
82 1 -0.14142708871453288 -0.10813625085904988 0.43801818498410572 0.88116116542384582 0.086532769641494381 -2.4311840239221478 1.3699763574830408 1 CAMERA 1 82
83 1 -0.16387571383407903 -0.10546210942211447 0.43569642055535324 0.87874406001227789 0.031799093288926869 -2.4769368279058632 1.3854167582639745 1 CAMERA 1 83
84 1 -0.18550352932943207 -0.10409444666963226 0.4329699361653469 0.87595080978091633 -0.081275070083734177 -2.5689820244367731 1.4056930011445568 1 CAMERA 1 84
85 1 -0.20482240189234505 -0.1048083788057889 0.43036592423915593 0.8728391367651489 -0.11001552148380425 -2.6421490197249171 1.4389191987485832 1 CAMERA 1 85
86 1 -0.22354439271275908 -0.10515011455406079 0.42799147205488397 0.86936451373646784 -0.033569926566653245 -2.6817021380094412 1.4807247340234844 1 CAMERA 1 86
87 1 -0.24241489152586651 -0.10539050924910756 0.42557127668226169 0.86545765314644152 0.088341277918744757 -2.688550928400562 1.4622775162829049 1 CAMERA 1 87
88 1 -0.26152905950417066 -0.10560505881759605 0.42312482794600847 0.86105487778808676 0.20911489378401416 -2.6728901123649424 1.4605906374783597 1 CAMERA 1 88
89 1 -0.28093881966555023 -0.10426542452203168 0.41987758563642535 0.85668250474390706 0.29596125252349975 -2.6450957306433818 1.4505317122850949 1 CAMERA 1 89
90 1 -0.30056408459215345 -0.10194370391827043 0.41626769261147323 0.85205042126192565 0.30059885551880194 -2.6340072088597433 1.4156591105053853 1 CAMERA 1 90
91 1 -0.32101655528075457 -0.098561971495569473 0.41255615500713155 0.84677702376500297 0.21021663397858809 -2.6306410730374701 1.4116305057155447 1 CAMERA 1 91
92 1 -0.33943637844825303 -0.097595809915458381 0.40979380044518032 0.84102737410239847 0.1240026561333499 -2.665613431319902 1.4041043839510208 1 CAMERA 1 92
93 1 -0.35654204133690415 -0.096770073451681746 0.40770732433939771 0.83503776161529297 0.1133812906647154 -2.6997690431759898 1.4384575992031696 1 CAMERA 1 93
94 1 -0.37220355438813885 -0.095760060691550242 0.4062078029386374 0.82902939978564782 0.188900420439231 -2.7238130528929241 1.4696678084514982 1 CAMERA 1 94
95 1 -0.38708735239417241 -0.095515900106649398 0.40478481794095145 0.82291515091642187 0.30517592349939826 -2.7375305651100779 1.5170557998111045 1 CAMERA 1 95
96 1 -0.40227892817509708 -0.094985988149171446 0.4032337758994381 0.81642626609847768 0.41296229556256892 -2.7788978276010972 1.5543464010845647 1 CAMERA 1 96
97 1 -0.41711683124541576 -0.093861567209796617 0.40162956323099974 0.80987483553422035 0.48415165421656448 -2.8102938209337363 1.596034129046275 1 CAMERA 1 97
98 1 -0.43287427347270674 -0.091600175857090071 0.39946269139678875 0.80290648853428759 0.48893130130331008 -2.8172321808076251 1.6120840551445503 1 CAMERA 1 98
99 1 -0.44881228723540578 -0.089914045381748936 0.39684182138183077 0.79561269727924988 0.3982625621646021 -2.8390434064307426 1.6379953902636633 1 CAMERA 1 99
100 1 -0.46492544953280485 -0.08667414846934586 0.39315895583555621 0.78851629901361475 0.29940157927167732 -2.8982808593640086 1.6627300048892357 1 CAMERA 1 100
101 1 -0.47932875671708364 -0.086122387014223895 0.39055938078674046 0.78121075742625634 0.28527469215834295 -2.9561174935407872 1.6775918980910487 1 CAMERA 1 101
102 1 -0.49405767936127026 -0.085323247114380024 0.38794626975532914 0.77338518524014932 0.32843675694134822 -2.9853834928653824 1.7016947177677182 1 CAMERA 1 102
103 1 0.50849410764929859 0.084343933161109247 -0.38513810601107468 -0.76549884567062543 0.41444876565078015 -2.9870223475828932 1.7172591928202576 1 CAMERA 1 103
104 1 0.52260357192820883 0.082788212964961652 -0.38203541806666669 -0.75768103958365818 0.50544479270997056 -2.9902525293032816 1.7552379788090706 1 CAMERA 1 104
105 1 0.53658385282052623 0.080080552687885817 -0.37895021691792763 -0.74970768108065844 0.55375678298122621 -2.990998849114558 1.7531533663990606 1 CAMERA 1 105
106 1 0.55062680690737598 0.076974233678597695 -0.37576538316582714 -0.74140775803792303 0.49348319705761523 -2.9794418658296284 1.7429973536961461 1 CAMERA 1 106
107 1 0.56537256526692126 0.071894467278824772 -0.37086832442027429 -0.73324057031774581 0.3964965404681321 -2.9650074424557702 1.7598677609665354 1 CAMERA 1 107
108 1 0.57836526726743642 0.069916574522791805 -0.36756342147511845 -0.72491545811851066 0.36734721719932084 -2.9824902585707305 1.7664947205784616 1 CAMERA 1 108
109 1 0.59074692318980926 0.068666040541825471 -0.36500681113422506 -0.71629119458758284 0.40324407500480569 -2.9979494410307317 1.783603930190631 1 CAMERA 1 109
110 1 0.60290673502584102 0.067660855315805249 -0.36324354655432828 -0.70709235846885499 0.48451187826372327 -2.9809241648472944 1.8117830208525749 1 CAMERA 1 110
111 1 0.61552942679676004 0.065795008228064167 -0.35995415538772935 -0.69801686774649496 0.57450880092767531 -2.974386963985058 1.8430290753301672 1 CAMERA 1 111
112 1 0.62919750900237981 0.061537396602889982 -0.35533280077926543 -0.68852178191753799 0.6444308906835291 -2.9724821526813638 1.8584058991967645 1 CAMERA 1 112
113 1 0.6434717909613048 0.056668109898558791 -0.349423685008523 -0.67870160447183303 0.60838380450351592 -2.9999120422893752 1.8557026222758581 1 CAMERA 1 113
114 1 0.6568077207152605 0.053597016560751207 -0.34427665255137918 -0.66873355256980183 0.50166387722384986 -3.0647536837119391 1.9113380661008554 1 CAMERA 1 114
115 1 0.66916711448124355 0.052435378100005516 -0.34059949875956336 -0.65837518594270417 0.47311503676596545 -3.1528469432949566 1.9779718955827763 1 CAMERA 1 115
116 1 0.68123102935425384 0.051547316245724263 -0.33693242756789554 -0.64787629844439587 0.53586176734980118 -3.2240875785935499 2.0473737844103197 1 CAMERA 1 116
117 1 0.69325351481772024 0.050340661221434817 -0.33301819081007705 -0.63715325205969764 0.65798519334445038 -3.2757497698628968 2.0799730114245798 1 CAMERA 1 117
118 1 0.70519561348864257 0.048969454803085448 -0.32853283353794743 -0.62639230239538646 0.7763730535197535 -3.3097408475679817 2.1235299577582549 1 CAMERA 1 118
119 1 0.7171866610430957 0.047009121530722051 -0.32325899154746235 -0.61557863843580807 0.85766182531842383 -3.3052118002427222 2.1344776207339575 1 CAMERA 1 119
120 1 0.72886009753262282 0.044173343527710969 -0.31701067358751145 -0.60524037107409689 0.85777812174713741 -3.2971874010828652 2.1084524610391808 1 CAMERA 1 120
121 1 0.73983692310010007 0.04192907216234467 -0.31056979957372688 -0.59533996986437654 0.73087746059486691 -3.3243495532040042 2.0923336441439284 1 CAMERA 1 121
122 1 0.74965122433293996 0.041450727833116707 -0.3057455331748023 -0.5855122099169966 0.64062043869646323 -3.3689136646574598 2.0808981181499306 1 CAMERA 1 122
123 1 0.7594345777429109 0.041320730270160928 -0.30133214544448589 -0.57510925701140525 0.67001053056685156 -3.3684914513707027 2.0928711081699705 1 CAMERA 1 123
124 1 0.76937033772442165 0.041108615779541217 -0.29632687017796755 -0.56441983589260014 0.77467905286720962 -3.3315764281661715 2.0592275942959759 1 CAMERA 1 124
125 1 0.77969192685732003 0.040683324489444082 -0.29085314658546418 -0.5530188183265925 0.91169885997611622 -3.2913971130176476 2.0242905722751314 1 CAMERA 1 125
126 1 0.78996244356296685 0.039841434160070743 -0.28521442396809377 -0.5413175872301248 1.032754265698695 -3.2320943356374676 1.995301446489709 1 CAMERA 1 126
127 1 0.80024061902289367 0.038743651531763228 -0.2786292486385698 -0.52960326937713231 1.1112895044989703 -3.1658314211355894 1.9312528824367019 1 CAMERA 1 127
128 1 0.81083870233623878 0.037367950373912752 -0.27189497634241233 -0.51693070804344377 1.0546694221351349 -3.1329059425151611 1.8856385250460632 1 CAMERA 1 128
129 1 0.82217607602795395 0.03498435994364394 -0.26383158909700971 -0.50318534076536481 0.94953477584751467 -3.1341283101961772 1.8636342528489158 1 CAMERA 1 129
130 1 0.83232560722755422 0.033403663479831487 -0.25766898965299595 -0.48961716737734362 0.88919702452574167 -3.164597256069948 1.8539380571006561 1 CAMERA 1 130
131 1 0.84157818339155666 0.031687139041659512 -0.25313004005422712 -0.47609586144060045 0.96055063314826861 -3.1927526300261087 1.914774269370549 1 CAMERA 1 131
132 1 0.850170280551791 0.029420432193144531 -0.24864936909430432 -0.46316133634518986 1.0868786181415229 -3.2264606841669119 1.9730425483378193 1 CAMERA 1 132
133 1 0.85839104448768999 0.026875764043766882 -0.24432109299505195 -0.45027737181441774 1.2510096755730105 -3.2575370581493814 2.0482522808847654 1 CAMERA 1 133
134 1 0.86630755934580395 0.02407807568768763 -0.23964253958680651 -0.43761045704128271 1.4010125438876468 -3.2827150825174152 2.1031051446616189 1 CAMERA 1 134
135 1 0.87377007249307947 0.020275973012848069 -0.23489994638757641 -0.42536661895467853 1.5157568121593348 -3.2770113337287028 2.1446230584455721 1 CAMERA 1 135
136 1 0.88045518835337766 0.016904125428228691 -0.23041808451686507 -0.41402948949646573 1.5562017274316744 -3.2618632648758732 2.1563143258725308 1 CAMERA 1 136
137 1 0.88713471530171595 0.013109529698845093 -0.22534964373463071 -0.40253903563045101 1.5278146667253367 -3.2390985953899811 2.1612169937005685 1 CAMERA 1 137
138 1 0.89423553291061197 0.0092576974098886253 -0.21837624192851302 -0.39060072155581127 1.4410992087358832 -3.2515697144321485 2.1451929264009411 1 CAMERA 1 138
139 1 0.90064685893027363 0.0069495496635626399 -0.21196506534524395 -0.37928584251418074 1.3390647235557616 -3.2995474001792426 2.1275040255362812 1 CAMERA 1 139
140 1 0.90595941816458936 0.0054935898470825561 -0.20693678585492978 -0.36930274812070063 1.2866195800478588 -3.329994693421412 2.1214326005085535 1 CAMERA 1 140
141 1 0.91056976933590683 0.0040587661715244415 -0.20199339232622501 -0.3606173748521585 1.3086593310809362 -3.3200699677999199 2.129370080906114 1 CAMERA 1 141
142 1 0.91507509671166831 0.0026610229983331283 -0.19773873259502403 -0.35146817774365707 1.397473988588563 -3.2851491006073728 2.1139138523500938 1 CAMERA 1 142
143 1 0.92007511562475708 0.0017526839191750888 -0.19230492606629473 -0.3412880383456271 1.4679547666799035 -3.2568180055996159 2.0991811689948316 1 CAMERA 1 143
144 1 0.92541190608430002 0.00055764402975652671 -0.1859929564743425 -0.33018042530182229 1.5209893324312986 -3.2136484474018463 2.0744229039502731 1 CAMERA 1 144
145 1 0.93086771836907012 -0.001733520571631476 -0.17981316663790622 -0.31804010896180679 1.5008231086368351 -3.2103257496053885 2.055121671875503 1 CAMERA 1 145
146 1 0.93689585162692779 -0.0047994679219716917 -0.17094866673543738 -0.30492569857802415 1.3809298836990442 -3.2496258960455844 2.0600315599176606 1 CAMERA 1 146
147 1 0.94237885438375657 -0.0062486977487341781 -0.16412762890655622 -0.29145354692697667 1.2744720935018583 -3.3051415136864533 2.0576689675223254 1 CAMERA 1 147
148 1 0.94770216346123615 -0.0069536063051828141 -0.15850354992306789 -0.27692757427174125 1.2603180751371177 -3.3121129873169193 2.0677364747294082 1 CAMERA 1 148
149 1 0.95308882324448596 -0.0077997930658390818 -0.15227781543156521 -0.26148102256561795 1.3400067616533238 -3.2686117356438302 2.0711858565970602 1 CAMERA 1 149
150 1 0.95843182996943377 -0.0089783066242681807 -0.14551832784582158 -0.24525952289882433 1.4806991303378216 -3.1928271589998936 2.0544765393022995 1 CAMERA 1 150
151 1 0.9637523322170064 -0.010321930628235965 -0.13732837340399684 -0.22850780676510671 1.6140117597992358 -3.1304518561217822 2.0148515382866181 1 CAMERA 1 151
152 1 0.96892395604386061 -0.011323612382187839 -0.12846272606229084 -0.21108166954896282 1.6679971428933082 -3.0841011152506383 1.9629128445118742 1 CAMERA 1 152
153 1 0.97414314258725332 -0.012896698927829355 -0.11640588652175747 -0.19320580345858951 1.6059462015036789 -3.061073673664771 1.8721777943559912 1 CAMERA 1 153
154 1 0.9788246923661359 -0.013695892957694354 -0.10525849304878113 -0.17502940830480643 1.5126878872280938 -3.0742354039085531 1.809734861720236 1 CAMERA 1 154
155 1 0.98265368043236057 -0.014200339786675838 -0.098215665356756687 -0.15666453893976381 1.4534674625699071 -3.0526996133573436 1.7832474149590423 1 CAMERA 1 155
156 1 0.98614281905678625 -0.014989553470266356 -0.090633136072105103 -0.13814227577114768 1.4855475243564822 -2.9747121741197087 1.7512139503691275 1 CAMERA 1 156
157 1 0.98930399197205043 -0.015728937419720035 -0.082288074677578205 -0.11941057223574957 1.5658067199143775 -2.8892584399626893 1.6852542351345523 1 CAMERA 1 157
158 1 0.99219550327254991 -0.016885703488647111 -0.072074568422029667 -0.10034048480151621 1.6554617203399904 -2.8115268591902383 1.6207166694492714 1 CAMERA 1 158
159 1 0.99470404651457189 -0.018115206809218069 -0.06069352930157338 -0.080944392212894081 1.6409171438982029 -2.7548672921854571 1.555633561171385 1 CAMERA 1 159
160 1 0.99669525243446067 -0.01961930702198313 -0.049313471505606291 -0.061496651084833438 1.5570191772327597 -2.7340835513928856 1.5288889618786561 1 CAMERA 1 160
161 1 0.9979922227554463 -0.02094874238468199 -0.04128285597788104 -0.043224984840405697 1.5205372933312673 -2.725757538007846 1.5351234361686756 1 CAMERA 1 161
162 1 0.99877402469402732 -0.023095337110031207 -0.034665309789220881 -0.026746388494265493 1.5847761635549293 -2.6885462614922919 1.5204040964637184 1 CAMERA 1 162
163 1 0.99922934848812095 -0.025119613859066536 -0.028197842106800812 -0.010704943722256688 1.7099185993348149 -2.5998900219123513 1.4986021830473446 1 CAMERA 1 163
164 1 0.99937769712833635 -0.027274049574495883 -0.021685802279096219 0.0054836741135298756 1.805851290814305 -2.5091613055833664 1.4570977709984985 1 CAMERA 1 164
165 1 0.99923300792435032 -0.029760419264241684 -0.013439620592970627 0.021612263138988435 1.8654416285475666 -2.4281559996677817 1.4304603329923038 1 CAMERA 1 165
166 1 0.99876085677709625 -0.032653313886358733 -0.0030948546024639535 0.037429052046632223 1.8366765009283741 -2.3869956722147254 1.3864782427170654 1 CAMERA 1 166
167 1 0.99798129829703008 -0.035101664083490879 0.0045670334444169128 0.052728963895204282 1.7108936237316403 -2.3999037264486969 1.3830417481810435 1 CAMERA 1 167
168 1 0.996958242056876 -0.037381918158023497 0.010352043144056791 0.067599489587081701 1.6058718210894822 -2.4250071004557205 1.386941996220296 1 CAMERA 1 168
169 1 0.99569696317505751 -0.039699503694224737 0.015893073003078861 0.082212633827892595 1.5878586630454621 -2.42381261744924 1.4096882776133013 1 CAMERA 1 169
170 1 0.99417600214696333 -0.042195539745382191 0.021463786092028259 0.096813837168417516 1.6514475669905724 -2.3911982289896048 1.4127144179117035 1 CAMERA 1 170
171 1 0.99236638219898277 -0.044384458624224549 0.027441954234400805 0.11174042447446746 1.7206767643473031 -2.3433305538650049 1.3956211061944908 1 CAMERA 1 171
172 1 0.99020619379734853 -0.045998687152691883 0.034735206261671432 0.12715848375769412 1.7567999067309177 -2.3094400291610007 1.3732557125531719 1 CAMERA 1 172
173 1 0.98762321450754464 -0.048205870891524824 0.042617796088443023 0.14303951773526852 1.7169680704411403 -2.2891193993789885 1.3481278638795418 1 CAMERA 1 173
174 1 0.98463032648572879 -0.05040278089664682 0.050105016938191589 0.15953735336940775 1.5878853389071992 -2.300323380315676 1.3398235011329969 1 CAMERA 1 174
175 1 0.98124132314874701 -0.052323739870376508 0.056578397339022576 0.17671043247590468 1.4901089266260332 -2.3280301034001449 1.3078644101389694 1 CAMERA 1 175
176 1 0.9772788834215449 -0.054169929611017298 0.063454160600076234 0.19484653511627009 1.5009368935350371 -2.2960724036224991 1.299994578375524 1 CAMERA 1 176
177 1 0.97274252124507876 -0.056194057669087423 0.071276639633764793 0.21338663474306258 1.5734992175239157 -2.2525987053729999 1.2456231345671855 1 CAMERA 1 177
178 1 0.96748946974222305 -0.05735679075475679 0.080285107786643217 0.23287040593410435 1.6458142462644354 -2.2022336962276312 1.2134309565228065 1 CAMERA 1 178
179 1 0.96110135191171486 -0.058894963544684806 0.092709012557315854 0.25341786364262464 1.6850824650305887 -2.1415818218927201 1.1778507782978287 1 CAMERA 1 179
180 1 0.95405271472148656 -0.060709062582039508 0.10398725168785002 0.27438017191367814 1.6236614805968759 -2.0987807759967301 1.1471556421944427 1 CAMERA 1 180
181 1 0.94670482462364325 -0.062639792745746659 0.11217876037318987 0.2953678335909673 1.5673286449176314 -2.067426091834514 1.1370870861059736 1 CAMERA 1 181
182 1 0.93876139120682378 -0.064502354833743378 0.12107595308936346 0.31608086019851417 1.5923481037458693 -2.0286938013194571 1.1237811714625343 1 CAMERA 1 182
183 1 0.93020957976375451 -0.066209503655144483 0.12987748561595733 0.33683568408284148 1.6948981278749931 -1.9333596859834536 1.0741156621213472 1 CAMERA 1 183
184 1 0.92122396066390544 -0.068168291489083085 0.13767787202844045 0.3574133487824524 1.8168716903295268 -1.810128280067711 1.0478097821379553 1 CAMERA 1 184
185 1 0.91165806397520965 -0.070061683084836138 0.14584584334842526 0.37775643598789854 1.8889597790218446 -1.7232318363604382 0.99272572029425599 1 CAMERA 1 185
186 1 0.90139614315266536 -0.070971248961383293 0.15487668919491954 0.39807196092463154 1.8916103641447453 -1.6427441920612211 0.93945223905122766 1 CAMERA 1 186
187 1 0.89048662721744076 -0.072527087306945209 0.16376766055947981 0.41827448130211364 1.8109950648792823 -1.5897371716172406 0.90249927344320191 1 CAMERA 1 187
188 1 0.87919838810419271 -0.073574735677483252 0.1725174270803545 0.43798937199269156 1.7227667719935316 -1.5935155397000444 0.8859737987108538 1 CAMERA 1 188
189 1 0.86780401258165973 -0.074921068160268348 0.18019738830071969 0.45698132406313374 1.6978800772906031 -1.5952710160560148 0.85896507763122931 1 CAMERA 1 189
190 1 0.856495740755568 -0.077057569283965816 0.18620920795193119 0.47518765551888242 1.7246116137682947 -1.5427082951993001 0.8506952230213507 1 CAMERA 1 190
191 1 0.84495842465705739 -0.079454230145049848 0.19217912278213292 0.49274686267881113 1.7883220417365755 -1.4581602210031417 0.80986189048431534 1 CAMERA 1 191
192 1 0.83311314437536177 -0.081548046948783426 0.19876554478410224 0.50967113211807036 1.8297480857488655 -1.3810689245885208 0.75727792287853768 1 CAMERA 1 192
193 1 0.82131824651426955 -0.083493873275591476 0.20555750636039311 0.52555801073436426 1.7808929867248424 -1.3129765567508296 0.70669845353132454 1 CAMERA 1 193
194 1 0.80897543298993513 -0.085418040532285175 0.21291875188164586 0.54122833653416014 1.62361061413218 -1.2778987129659813 0.67159323729830778 1 CAMERA 1 194
195 1 0.79593552987182259 -0.085437429206578597 0.22182983597871861 0.55675721984352089 1.4706872231085388 -1.3099431470806298 0.65180417537789481 1 CAMERA 1 195
196 1 0.78388000881830611 -0.08785612561140721 0.22581710546957959 0.57168178897434363 1.4260892429577985 -1.3413115178915993 0.66258762755299805 1 CAMERA 1 196
197 1 0.77173771896639309 -0.090622684402837356 0.22956430528289287 0.58609611151768881 1.4782481281440738 -1.3305012958629454 0.68054711837283954 1 CAMERA 1 197
198 1 0.75935720524571926 -0.093323832185170152 0.23314720111651849 0.60025801102460818 1.573672566110798 -1.2959131946179503 0.68239890927170388 1 CAMERA 1 198
199 1 0.7460742273154638 -0.095471844556238916 0.23761030038625069 0.61465414615295566 1.6400826306049874 -1.2523669843711289 0.69204137627079387 1 CAMERA 1 199
200 1 0.73149063362367917 -0.097930211771674436 0.24280247705001012 0.62958564443732568 1.6196447004941572 -1.2382377691766306 0.67368812272904344 1 CAMERA 1 200
201 1 0.71488468837360186 -0.099320330323625194 0.25150475468939043 0.64484161829244058 1.4681987424874787 -1.2617403064539514 0.64475227118769074 1 CAMERA 1 201
202 1 0.69829931932630473 -0.10202098048629968 0.25692497745325948 0.66027216822282908 1.271502308135863 -1.3231868430055642 0.63790707368166943 1 CAMERA 1 202
203 1 0.68156589155497305 -0.10544842810237769 0.26104854319138393 0.67542743694439045 1.1865481087502465 -1.3632419190816001 0.65503030127694628 1 CAMERA 1 203
204 1 0.66348894399845348 -0.10892008925883336 0.26647435758235866 0.69058688960820436 1.2010426737854656 -1.35906091538221 0.65934050513530496 1 CAMERA 1 204
205 1 0.64396316980211155 -0.11183655535779517 0.27275486497234885 0.70598073943843231 1.2417665996552931 -1.337606327880589 0.68405194110228584 1 CAMERA 1 205
206 1 0.62240309035337504 -0.1145502193333946 0.28265619158670074 0.72083154601261867 1.2853418222243822 -1.3117031791608091 0.69581376440063514 1 CAMERA 1 206
207 1 0.59836668009549276 -0.11387148567056783 0.29294923555282004 0.73700159178369096 1.2549978363472096 -1.305561138090453 0.64831552422824634 1 CAMERA 1 207
208 1 0.57311163342704685 -0.1157590447521635 0.30104647039338644 0.75333519886723266 1.1515247870063809 -1.3242171391637951 0.66980954686470084 1 CAMERA 1 208
209 1 0.5478766920853626 -0.11505155753647793 0.3103401262735716 0.76829894923950992 1.1192103507236468 -1.3499078795674566 0.66029339813558585 1 CAMERA 1 209
210 1 0.52871744167588142 -0.11563212473713087 0.31676541732801139 0.77893950277380231 1.1462540679583215 -1.3352526457879907 0.64556611256837504 1 CAMERA 1 210
